99
2525 1
2400 5
300 2
120 60
60 90
574150934 1
319316412 3375
530678917 1
494357122 4420
984108123 1
112278214 146
1000000000 1
1 10000
666809908 1
497380535 5181
407175058 1
136929002 9881
771279211 1
729732402 6212
420715398 1
120833884 7013
467797312 1
459268381 5034
2 1
1 1
761780020 1
573576734 5094
64075290 1
57189314 5072
865544503 1
557471572 3139
677957023 1
217277163 9009
784902932 1
695618501 7405
888677657 1
509341347 3514
1000000000 2
999000000 1
998000000 1
47990912 1
3045036 784
345685230 1
205005953 4395
573163676 1
226597063 6492
1000000000 2
999999996 3
999999997 2
683161006 1
224674466 4653
2 1
1 10000
698500402 1
156166984 1597
1000000000 2
100 10000
200 10000
110937415 1
25833196 2809
755396495 1
586943410 629
466208262 1
381512931 2332
1000000000 2
998000000 10000
999000000 10000
678984100 1
201702385 2839
433517435 1
138216282 8728
871652676 1
836774465 5597
1000000000 1
1 1
472853978 1
220110835 1768
774281732 1
93853158 5991
1000000000 2
999999997 3
999999998 2
730580462 1
321016721 9191
299970915 1
145342191 1661
405603391 1
223646750 4006
69143960 1
53081386 464
569005827 1
155697616 3905
217336071 1
143297596 1733
1000000000 1
999999999 1
319050375 1
292901712 5676
83184234 1
70316507 9592
229256195 1
191393498 4199
538078688 1
527081024 3698
195794965 1
31130459 2082
811739331 1
715235336 836
334600890 1
284920560 2961
697435369 1
627088579 6660
570454496 1
531130870 2477
1000000000 2
1 3
2 2
1000000000 2
999999999 2
999999998 3
371548561 1
64240150 5561
1000000000 1
999999999 10000
230545425 1
89601627 7949
430246816 1
56427620 7529
362894732 1
59489107 5814
960227012 1
396214987 6243
549567295 1
217467135 6016
638286027 1
444416349 4935
163502866 1
19023248 4823
945855612 1
623113916 5405
684734974 1
546433683 4279
919166962 1
905422640 7932
896558968 1
524795647 1465
54120861 1
52566254 7497
993070992 1
688921496 5313
19420754 2
3695538 4304
19227867 6700
90639688 1
34611122 1679
974549386 2
443246107 5585
745033463 9604
176321415 1
65063218 3778
51932560 1
22747689 7510
182559218 1
49362478 5946
427233597 1
315100291 3054
512389875 1
153813169 6945
261867192 1
147164366 1287
167567371 1
100911507 5474
120955343 1
7081887 3607
164810977 1
119822099 1113
200000 2
5000 6
5001 1
220893550 1
116264771 8132
739531864 1
88400044 5871
260683291 1
139304620 3555
578154238 1
247153367 2137
629539701 1
604801220 4636
850412846 1
310225637 2513
587496194 1
123891649 4714
67839175 1
46739336 608
736132735 1
455379796 5282
290607836 1
147025013 8547
148652220 1
111932382 3209
396149347 1
2357203 1132
1000000000 2
12345676 2
12345675 3
307579197 1
211454340 8632
947252916 1
450953227 6835
